id=20001
<<<<<<< HEAD
Unfinished Silo
containable=0
containSize=1.000000,vertSlotRot=0.000000
permanent=1,minPickupAge=3
noFlip=0
sideAccess=0
heldInHand=0
blocksWalking=1,leftBlockingRadius=0,rightBlockingRadius=0,drawBehindPlayer=0
=======
Hickory Bow
containable=1
containSize=2.000000,vertSlotRot=0.000000
permanent=0,minPickupAge=10
noFlip=0
sideAccess=0
heldInHand=1
blocksWalking=0,leftBlockingRadius=0,rightBlockingRadius=0,drawBehindPlayer=0
>>>>>>> ac10cd6f0025d430f2f79b7fe1585f30bbb24e3f
mapChance=0.000000#biomes_0
heatValue=0
rValue=0.000000
person=0,noSpawn=0
male=0
deathMarker=0
homeMarker=0
floor=0
floorHugging=0
foodValue=0
speedMult=1.000000
<<<<<<< HEAD
heldOffset=0.000000,0.000000
=======
heldOffset=-3.000000,-4.000000
>>>>>>> ac10cd6f0025d430f2f79b7fe1585f30bbb24e3f
clothing=n
clothingOffset=0.000000,0.000000
deadlyDistance=0
useDistance=1
<<<<<<< HEAD
sounds=-1:0.0,-1:0.0,-1:0.0,-1:0.0
creationSoundInitialOnly=0
=======
sounds=173:0.250000,-1:0.0,-1:0.0,-1:0.0
creationSoundInitialOnly=1
>>>>>>> ac10cd6f0025d430f2f79b7fe1585f30bbb24e3f
creationSoundForce=0
numSlots=0#timeStretch=1.000000
slotSize=1.000000
slotsLocked=0
<<<<<<< HEAD
numSprites=2
spriteID=20002
pos=-4.000000,51.000000
rot=0.000000
hFlip=0
color=1.000000,1.000000,1.000000
ageRange=-1.000000,-1.000000
parent=-1
invisHolding=0,invisWorn=0,behindSlots=0
spriteID=20000
pos=21.000000,-31.000000
=======
numSprites=1
spriteID=418
pos=2.000000,-20.000000
>>>>>>> ac10cd6f0025d430f2f79b7fe1585f30bbb24e3f
rot=0.000000
hFlip=0
color=1.000000,1.000000,1.000000
ageRange=-1.000000,-1.000000
parent=-1
invisHolding=0,invisWorn=0,behindSlots=0
headIndex=-1
bodyIndex=-1
backFootIndex=-1
frontFootIndex=-1
numUses=1,1.000000
useVanishIndex=-1
useAppearIndex=-1
<<<<<<< HEAD
pixHeight=141
=======
pixHeight=0
>>>>>>> ac10cd6f0025d430f2f79b7fe1585f30bbb24e3f
