id=21020
@ Bow and Arrow Pattern
containable=0
containSize=1.000000,vertSlotRot=0.000000
permanent=0,minPickupAge=3
noFlip=0
sideAccess=0
heldInHand=0
blocksWalking=0,leftBlockingRadius=0,rightBlockingRadius=0,drawBehindPlayer=0
mapChance=0.000000#biomes_0
heatValue=0
rValue=0.000000
person=0,noSpawn=0
male=0
deathMarker=0
homeMarker=0
floor=0
floorHugging=0
foodValue=0
speedMult=1.000000
heldOffset=0.000000,0.000000
clothing=n
clothingOffset=0.000000,0.000000
deadlyDistance=0
useDistance=1
sounds=-1:0.0,-1:0.0,-1:0.0,-1:0.0
creationSoundInitialOnly=0
creationSoundForce=0
numSlots=0#timeStretch=1.000000
slotSize=1.000000
slotsLocked=0
numSprites=8
spriteID=418
pos=5.999998,13.000003
rot=0.125000
hFlip=0
color=0.323944,0.323944,0.323944
ageRange=-1.000000,-1.000000
parent=-1
invisHolding=0,invisWorn=0,behindSlots=0
spriteID=403
pos=-6.000002,6.000004
rot=-0.125000
hFlip=0
color=0.154930,0.154930,0.154930
ageRange=-1.000000,-1.000000
parent=0
invisHolding=0,invisWorn=0,behindSlots=0
spriteID=415
pos=-27.213205,-19.455840
rot=-0.125000
hFlip=0
color=1.000000,1.000000,1.000000
ageRange=-1.000000,-1.000000
parent=1
invisHolding=0,invisWorn=0,behindSlots=0
spriteID=416
pos=15.213202,30.041634
rot=-0.125000
hFlip=0
color=1.000000,1.000000,1.000000
ageRange=-1.000000,-1.000000
parent=1
invisHolding=0,invisWorn=0,behindSlots=0
spriteID=400
pos=20.870056,34.284275
rot=0.125000
hFlip=0
color=1.000000,1.000000,1.000000
ageRange=-1.000000,-1.000000
parent=1
invisHolding=0,invisWorn=0,behindSlots=0
spriteID=414
pos=-28.627419,-12.384772
rot=-0.125000
hFlip=1
color=1.000000,1.000000,1.000000
ageRange=-1.000000,-1.000000
parent=1
invisHolding=0,invisWorn=0,behindSlots=0
spriteID=413
pos=-22.970565,-18.041627
rot=0.375000
hFlip=0
color=1.000000,1.000000,1.000000
ageRange=-1.000000,-1.000000
parent=1
invisHolding=0,invisWorn=0,behindSlots=0
spriteID=711
pos=-2.999998,-41.000000
rot=0.000000
hFlip=0
color=1.000000,1.000000,1.000000
ageRange=-1.000000,-1.000000
parent=-1
invisHolding=0,invisWorn=0,behindSlots=0
headIndex=-1
bodyIndex=-1
backFootIndex=-1
frontFootIndex=-1
numUses=1,1.000000
useVanishIndex=-1
useAppearIndex=-1
pixHeight=42