id=21112
type=2,randStartPhase=0
forceZeroStart=0
numSounds=0
numSprites=11
numSlots=0
offset=(0.000000,0.000000)
startPause=0.000000
animParam=0.000000 0.000000 0.000000 0.000000 0.000000 0.000000 (0.000000,0.000000) 0.000000 0.000000 0.000000 0.000000 0.000000 1.000000 0.000000 0.000000 0.000000 0.000000 1.000000 0.000000
offset=(0.000000,0.000000)
startPause=0.000000
animParam=0.000000 0.000000 0.000000 0.000000 0.000000 0.000000 (0.000000,0.000000) 0.000000 0.000000 0.000000 0.000000 0.000000 1.000000 0.000000 0.000000 0.000000 0.000000 1.000000 0.000000
offset=(0.000000,0.000000)
startPause=0.000000
animParam=0.000000 0.000000 0.000000 0.000000 0.000000 0.000000 (0.000000,0.000000) 0.000000 0.000000 0.000000 0.000000 0.000000 1.000000 0.000000 0.000000 0.000000 0.000000 1.000000 0.000000
offset=(-25.000000,15.000000)
startPause=0.000000
animParam=0.150000 30.000000 0.450000 0.150000 40.000000 0.000000 (-2.000000,-74.000000) -0.000000 -0.060000 0.000000 0.000000 0.000000 1.000000 0.000000 0.150000 0.000000 0.000000 1.000000 0.000000
offset=(-25.000000,15.000000)
startPause=0.000000
animParam=0.150000 30.000000 0.650000 0.150000 40.000000 0.200000 (0.000000,-74.000000) -0.000000 -0.060000 0.000000 0.000000 0.000000 1.000000 0.000000 0.150000 0.000000 0.000000 1.000000 0.200000
offset=(-25.000000,15.000000)
startPause=0.000000
animParam=0.150000 30.000000 0.850000 0.150000 40.000000 0.400000 (-2.000000,-80.000000) -0.000000 -0.060000 0.000000 0.000000 0.000000 1.000000 0.000000 0.150000 0.000000 0.000000 1.000000 0.400000
offset=(-25.000000,15.000000)
startPause=0.000000
animParam=0.150000 30.000000 0.100000 0.150000 40.000000 0.600000 (-1.000000,-80.000000) -0.000000 -0.060000 0.000000 0.000000 0.000000 1.000000 0.000000 0.150000 0.000000 0.000000 1.000000 0.600000
offset=(-25.000000,15.000000)
startPause=0.000000
animParam=0.150000 30.000000 0.350000 0.150000 40.000000 0.800000 (-1.000000,-76.000000) -0.000000 -0.060000 0.000000 0.000000 0.000000 1.000000 0.000000 0.150000 0.000000 0.000000 1.000000 0.800000
offset=(0.000000,0.000000)
startPause=0.000000
animParam=0.000000 0.000000 0.000000 0.000000 0.000000 0.000000 (0.000000,0.000000) -0.000000 -0.030000 0.500000 0.010000 0.500000 1.000000 0.000000 0.250000 0.000000 0.000000 1.000000 0.500000
offset=(0.000000,0.000000)
startPause=0.000000
animParam=0.000000 0.000000 0.000000 0.000000 0.000000 0.000000 (0.000000,0.000000) -0.000000 -0.030000 0.500000 0.010000 0.000000 1.000000 0.000000 0.250000 0.000000 0.000000 1.000000 0.000000
offset=(0.000000,0.000000)
startPause=0.000000
animParam=0.000000 0.000000 0.000000 0.000000 0.000000 0.000000 (0.000000,-5.000000) -0.000000 -0.030000 0.500000 0.010000 0.250000 1.000000 0.000000 0.000000 0.000000 0.000000 1.000000 0.000000